# Created by Octave 4.0.0, Wed Sep 09 21:23:53 2015 India Standard Time <unknown@SIDDHARTHA-PC>
# name: X
# type: matrix
# rows: 13
# columns: 256
 79 147 169 73 91 72 91 67 82 88 87 80 75 77 78 75 81 149 166 73 86 80 124 119 85 75 72 79 84 81 78 80 81 149 160 77 83 87 150 162 127 97 77 84 91 84 80 84 86 150 147 84 83 88 152 165 164 128 91 76 75 74 73 76 105 153 126 83 81 91 149 154 161 143 111 82 77 88 94 90 133 158 103 77 81 100 155 151 150 148 127 93 78 81 78 65 150 161 87 78 85 110 159 147 77 81 80 73 72 78 82 79 153 161 82 84 91 114 156 137 88 82 79 80 79 76 79 86 172 164 68 87 75 146 157 118 90 76 79 74 75 80 74 86 163 154 69 92 85 146 152 117 81 79 85 89 85 85 83 67 161 169 122 152 137 164 154 125 124 128 120 127 116 118 131 83 159 172 146 164 143 154 157 155 159 164 148 160 146 148 165 89 155 163 152 162 153 154 152 155 158 164 152 173 163 161 171 90 166 141 103 83 88 96 98 102 100 97 88 101 94 96 109 64 137 119 99 72 85 83 73 68 81 77 84 90 79 73 80 79 79 82 90 70 88 89 87 90 78 89 127 139 121 93 74 91
 146 29 14 58 118 101 91 123 114 122 127 126 129 140 143 136 148 33 9 42 85 49 36 74 115 145 136 126 149 147 131 146 128 35 27 73 107 40 6 33 83 137 146 132 147 149 139 149 128 33 15 60 94 28 0 17 29 81 133 140 131 146 158 144 138 38 11 56 92 39 14 0 2 23 80 131 142 146 153 149 136 38 18 71 113 89 71 9 11 3 22 93 151 143 131 157 140 33 2 46 91 110 123 33 16 6 3 39 98 125 133 149 140 38 15 57 93 120 132 11 4 10 14 1 20 104 155 130 135 34 15 48 67 80 61 24 11 30 34 2 3 46 96 153 140 37 5 16 15 24 18 0 17 62 76 30 6 19 52 112 131 39 13 17 4 5 5 0 25 93 118 68 27 2 10 76 130 43 17 21 8 8 13 19 43 103 129 101 71 20 3 72 142 45 5 5 1 10 22 36 79 107 121 120 117 61 27 87 133 38 4 23 42 58 65 75 115 116 116 125 139 102 64 104 120 33 13 53 92 112 110 114 123 122 121 119 136 130 106 123 129 36 10 48 90 113 114 121 112 122 126 111 125 146 136 139
 255 244 246 96 82 88 77 83 87 138 91 78 61 86 57 52 255 255 255 75 69 95 77 255 255 248 255 252 206 76 67 70 253 248 255 90 86 95 255 241 250 255 241 249 255 172 61 54 250 255 234 77 87 255 250 255 249 255 245 255 255 245 62 66 249 255 255 78 211 251 255 56 93 40 139 253 255 245 70 58 250 255 242 99 255 249 245 243 178 86 106 233 255 255 74 61 244 255 238 91 236 255 176 251 255 255 196 253 255 198 66 70 255 240 255 89 255 248 242 251 250 255 250 255 255 70 74 57 255 246 248 99 255 250 255 217 255 239 251 255 58 75 61 57 246 255 255 82 246 255 251 98 64 133 108 63 102 60 69 79 252 248 232 108 255 255 255 114 72 54 87 102 125 144 165 168 244 255 255 231 255 234 255 245 253 255 249 238 255 233 255 78 253 255 246 254 247 251 255 255 243 255 255 250 252 249 252 90 241 255 239 255 248 255 252 248 255 245 250 251 255 255 53 75 252 251 255 243 254 241 203 182 134 97 100 61 56 70 65 45 238 255 253 96 77 69 86 75 82 57 62 80 59 70 61 67
 240 255 254 75 87 78 72 76 81 73 75 74 58 66 71 53 255 253 254 93 71 193 255 251 228 255 255 46 70 51 57 66 247 255 241 82 215 235 255 246 255 255 243 251 84 57 62 57 226 249 255 82 255 255 239 157 171 255 250 244 123 75 46 53 234 232 255 73 226 254 77 84 71 52 252 255 137 79 53 62 200 255 245 89 246 255 194 83 78 105 238 250 64 68 69 57 206 233 254 65 246 255 136 152 184 232 245 255 252 248 244 51 166 253 255 240 255 241 255 249 255 255 255 250 255 251 247 50 142 255 247 255 239 255 255 250 255 255 244 255 255 246 69 54 118 255 255 246 255 239 233 255 170 128 126 41 33 45 58 48 101 254 255 118 213 255 255 113 86 80 66 93 74 85 55 50 108 238 253 86 249 255 245 70 93 87 37 186 217 175 59 74 84 251 255 77 255 236 255 255 252 248 255 255 255 72 42 61 76 254 255 78 234 250 255 245 255 255 240 255 62 50 61 48 98 239 255 70 94 151 238 255 237 242 133 51 76 74 56 76 79 254 255 88 65 86 86 83 87 76 76 88 52 60 56 54
 185 164 50 46 43 58 42 47 60 41 38 61 40 42 36 48 194 173 51 43 36 43 40 80 38 73 57 51 38 55 46 37 177 161 41 44 51 58 82 174 182 149 44 31 42 48 45 54 190 171 40 40 43 31 55 178 192 148 47 52 50 34 34 43 189 170 41 52 62 46 71 204 187 164 82 52 29 51 58 31 183 160 34 44 51 35 58 181 188 197 191 159 73 48 40 48 192 169 46 52 52 45 73 184 192 175 195 207 163 117 38 48 181 159 41 46 43 47 84 189 189 182 193 185 197 199 74 42 196 159 41 57 54 37 114 201 186 136 79 132 196 204 127 45 154 226 165 106 77 123 176 173 193 103 44 91 171 190 149 66 183 196 177 196 189 196 197 199 180 72 37 88 194 198 155 37 188 182 177 197 181 186 179 188 128 52 41 74 195 190 154 36 175 179 171 186 188 211 178 140 39 36 55 72 188 178 147 55 197 133 49 69 85 87 61 43 55 55 47 72 193 195 135 37 180 156 52 44 44 44 53 50 28 46 34 34 58 57 54 39 189 163 36 38 51 38 47 42 47 47 34 54 42 43 47 45
 72 139 168 71 73 84 52 66 79 62 71 82 69 66 74 68 63 162 162 75 65 64 80 67 62 84 77 62 69 70 63 70 65 156 155 76 87 111 117 66 60 78 73 63 71 68 60 70 76 144 174 63 75 150 151 133 90 57 61 81 73 63 68 68 74 137 167 68 94 166 158 139 129 80 63 73 69 67 72 67 60 166 166 74 65 84 140 163 151 139 91 56 66 76 68 68 59 158 155 80 80 66 100 141 155 163 127 81 73 75 68 68 71 139 164 73 79 74 70 156 152 147 151 130 84 67 73 66 66 168 127 55 69 67 82 148 167 138 139 170 127 77 70 71 56 152 167 154 170 157 153 178 137 62 124 141 152 123 67 72 82 136 149 148 148 139 143 146 90 61 64 139 155 172 114 73 96 148 160 159 165 166 170 159 71 66 71 80 149 157 160 66 76 144 134 99 101 98 83 67 69 63 74 67 68 156 95 72 93 161 123 62 68 74 69 67 77 58 85 55 79 79 77 65 92 150 119 70 75 76 69 66 70 83 55 87 71 64 74 70 106 142 112 75 73 70 69 67 71 54 80 57 65 83 64 76
 52 93 131 142 161 153 118 122 127 134 140 136 136 148 147 131 58 85 135 147 128 96 63 66 61 91 120 134 135 130 134 147 69 77 140 152 96 64 65 76 71 77 79 107 147 145 132 148 75 73 139 141 68 65 109 127 137 114 65 74 139 154 134 145 70 73 138 130 61 81 135 142 157 145 86 68 122 143 132 149 64 78 139 138 96 121 152 145 144 134 85 76 133 156 137 139 73 80 117 123 113 128 133 128 118 102 69 77 125 139 124 128 89 75 80 80 83 87 76 83 80 79 71 73 80 72 90 136 65 71 79 79 91 62 74 77 77 71 78 79 75 61 77 146 67 74 120 126 102 71 101 98 117 117 130 135 132 109 100 142 71 71 144 146 88 69 131 137 145 153 155 137 143 150 136 143 81 72 142 132 71 65 137 159 152 158 134 82 96 151 155 140 80 76 141 130 91 73 105 122 128 118 94 58 79 134 144 137 62 68 141 141 125 89 64 60 73 53 64 85 112 132 133 146 66 62 139 146 141 114 80 68 74 61 90 124 141 142 134 148 95 70 141 145 144 143 134 131 139 136 153 149 143 147 137 134
 18 0 29 19 10 34 4 30 28 3 19 32 20 9 6 22 32 157 167 19 0 23 12 15 4 16 37 10 6 33 23 20 15 167 174 18 35 23 31 2 29 35 4 20 25 11 29 7 14 144 175 27 15 0 156 187 0 31 14 22 48 23 11 26 35 155 176 16 8 0 176 153 159 5 11 33 9 23 17 21 23 160 168 17 27 5 164 160 178 160 31 2 40 22 25 24 15 157 162 24 23 0 141 177 159 167 8 16 54 0 31 8 10 166 175 21 7 27 163 165 12 2 29 34 24 29 22 20 18 170 167 20 24 11 159 155 27 22 18 28 20 15 29 20 27 129 186 15 26 33 170 145 9 20 18 33 35 13 13 17 189 150 185 3 15 33 157 151 25 30 7 18 39 23 15 21 164 143 171 22 14 54 145 138 5 27 22 23 28 26 35 33 155 164 160 154 158 154 163 170 169 167 160 165 167 161 113 17 27 159 151 162 155 169 159 164 168 161 159 165 164 172 133 26 10 164 163 163 178 189 172 184 190 183 179 192 194 177 117 17 10 170 153 35 17 27 21 23 26 29 15 18 24 25 30 16
